
Hm =

     1


Xrel =

         0    0.0280    0.1040    0.2160    0.3520    0.5000    0.6480    0.7840    0.8960    0.9720    1.0000


u1 =

    0.2600


z =

  Columns 1 through 15

   -4.0000   -4.1000   -4.2000   -4.3000   -4.4000   -4.5000   -4.6000   -4.7000   -4.8000   -4.9000   -5.0000   -5.1000   -5.2000   -5.3000   -5.4000

  Columns 16 through 30

   -5.5000   -5.6000   -5.7000   -5.8000   -5.9000   -6.0000   -6.1000   -6.2000   -6.3000   -6.4000   -6.5000   -6.6000   -6.7000   -6.8000   -6.9000

  Columns 31 through 45

   -7.0000   -7.1000   -7.2000   -7.3000   -7.4000   -7.5000   -7.6000   -7.7000   -7.8000   -7.9000   -8.0000   -8.1000   -8.2000   -8.3000   -8.4000

  Columns 46 through 60

   -8.5000   -8.6000   -8.7000   -8.8000   -8.9000   -9.0000   -9.1000   -9.2000   -9.3000   -9.4000   -9.5000   -9.6000   -9.7000   -9.8000   -9.9000

  Column 61

  -10.0000


coef1 =

   -0.0867


coef2 =

    0.0217


u2z =

  Columns 1 through 15

    0.2600    0.2429    0.2262    0.2100    0.1941    0.1787    0.1638    0.1493    0.1352    0.1215    0.1083    0.0956    0.0832    0.0713    0.0598

  Columns 16 through 30

    0.0488    0.0381    0.0279    0.0182    0.0089         0   -0.0084   -0.0165   -0.0241   -0.0312   -0.0379   -0.0442   -0.0500   -0.0555   -0.0605

  Columns 31 through 45

   -0.0650   -0.0691   -0.0728   -0.0760   -0.0789   -0.0812   -0.0832   -0.0847   -0.0858   -0.0864   -0.0867   -0.0865   -0.0858   -0.0847   -0.0832

  Columns 46 through 60

   -0.0813   -0.0789   -0.0761   -0.0728   -0.0691   -0.0650   -0.0605   -0.0555   -0.0500   -0.0442   -0.0379   -0.0312   -0.0241   -0.0165   -0.0084

  Column 61

         0


vmedia =

    0.0022


x =

     0     0


X =

     0   -10


xx =

    0.2600    0.2600


yy =

    0.2600   -4.0000


xxx =

   -0.1000    0.3000


yyy =

     0     0

Current plot held

u1 =

    0.2600


z =

  Columns 1 through 15

   -4.0000   -4.1000   -4.2000   -4.3000   -4.4000   -4.5000   -4.6000   -4.7000   -4.8000   -4.9000   -5.0000   -5.1000   -5.2000   -5.3000   -5.4000

  Columns 16 through 30

   -5.5000   -5.6000   -5.7000   -5.8000   -5.9000   -6.0000   -6.1000   -6.2000   -6.3000   -6.4000   -6.5000   -6.6000   -6.7000   -6.8000   -6.9000

  Columns 31 through 45

   -7.0000   -7.1000   -7.2000   -7.3000   -7.4000   -7.5000   -7.6000   -7.7000   -7.8000   -7.9000   -8.0000   -8.1000   -8.2000   -8.3000   -8.4000

  Columns 46 through 60

   -8.5000   -8.6000   -8.7000   -8.8000   -8.9000   -9.0000   -9.1000   -9.2000   -9.3000   -9.4000   -9.5000   -9.6000   -9.7000   -9.8000   -9.9000

  Column 61

  -10.0000


coef1 =

   -0.0867


coef2 =

    0.0217


u2z =

  Columns 1 through 15

    0.2600    0.2429    0.2262    0.2100    0.1941    0.1787    0.1638    0.1493    0.1352    0.1215    0.1083    0.0956    0.0832    0.0713    0.0598

  Columns 16 through 30

    0.0488    0.0381    0.0279    0.0182    0.0089         0   -0.0084   -0.0165   -0.0241   -0.0312   -0.0379   -0.0442   -0.0500   -0.0555   -0.0605

  Columns 31 through 45

   -0.0650   -0.0691   -0.0728   -0.0760   -0.0789   -0.0812   -0.0832   -0.0847   -0.0858   -0.0864   -0.0867   -0.0865   -0.0858   -0.0847   -0.0832

  Columns 46 through 60

   -0.0813   -0.0789   -0.0761   -0.0728   -0.0691   -0.0650   -0.0605   -0.0555   -0.0500   -0.0442   -0.0379   -0.0312   -0.0241   -0.0165   -0.0084

  Column 61

         0


vmedia =

    0.0022


x =

     0     0


X =

     0   -10


xx =

    0.2600    0.2600


yy =

    0.2600   -4.0000


xxx =

   -0.1000    0.3000


yyy =

     0     0

Current plot held
