
rox =

  2.9412e-005


cb1 =

  1.5306e-005


cb2 =

  1.1029e-004


cb3 =

  7.5030e-006


etax =

 -1.3310e-004


Z =

  Columns 1 through 9 

         0   -0.1000   -0.2000   -0.3000   -0.4000   -0.5000   -0.6000   -0.7000   -0.8000

  Columns 10 through 11 

   -0.9000   -1.0000


coef1 =

    5.7647


coef2 =

   -0.0980


uzv =

  Columns 1 through 9 

    0.2699    0.2585    0.2283    0.1849    0.1341    0.0818    0.0337   -0.0044   -0.0268

  Columns 10 through 11 

   -0.0276   -0.0012


vmedia =

    0.1028


uzvv =

  Columns 1 through 9 

    0.2454    0.2431    0.2204    0.1831    0.1371    0.0879    0.0415    0.0037   -0.0199

  Columns 10 through 11 

   -0.0235   -0.0012


vmedia =

    0.1016


x =

     0     0


X =

     0    -1

Current plot held

rox =

  2.9412e-005


cb1 =

  1.5306e-005


cb2 =

  1.1029e-004


cb3 =

  7.5030e-006


etax =

 -1.3310e-004


Z =

  Columns 1 through 9 

         0   -0.1000   -0.2000   -0.3000   -0.4000   -0.5000   -0.6000   -0.7000   -0.8000

  Columns 10 through 11 

   -0.9000   -1.0000


coef1 =

    5.7647


coef2 =

   -0.0980


uzv =

  Columns 1 through 9 

    0.2699    0.2585    0.2283    0.1849    0.1341    0.0818    0.0337   -0.0044   -0.0268

  Columns 10 through 11 

   -0.0276   -0.0012


vmedia =

    0.1028


uzvv =

  Columns 1 through 9 

    0.2454    0.2431    0.2204    0.1831    0.1371    0.0879    0.0415    0.0037   -0.0199

  Columns 10 through 11 

   -0.0235   -0.0012


vmedia =

    0.1016


x =

     0     0


X =

     0    -1

Current plot held

rox =

  2.9412e-005


cb1 =

  1.5306e-005


cb2 =

  1.1029e-004


cb3 =

  7.5030e-006


etax =

 -1.3310e-004


Z =

  Columns 1 through 9 

         0   -0.1000   -0.2000   -0.3000   -0.4000   -0.5000   -0.6000   -0.7000   -0.8000

  Columns 10 through 11 

   -0.9000   -1.0000


coef1 =

    5.7647


coef2 =

   -0.0980


uzv =

  Columns 1 through 9 

    0.2699    0.2585    0.2283    0.1849    0.1341    0.0818    0.0337   -0.0044   -0.0268

  Columns 10 through 11 

   -0.0276   -0.0012


vmedia =

    0.1028


uzvv =

  Columns 1 through 9 

    0.2454    0.2431    0.2204    0.1831    0.1371    0.0879    0.0415    0.0037   -0.0199

  Columns 10 through 11 

   -0.0235   -0.0012


vmedia =

    0.1016


x =

     0     0


X =

     0    -1

Current plot held

rox =

  2.9412e-005


cb1 =

  1.5306e-005


cb2 =

  1.1029e-004


cb3 =

  7.5030e-006


etax =

 -1.3310e-004


Z =

  Columns 1 through 9 

         0   -0.1000   -0.2000   -0.3000   -0.4000   -0.5000   -0.6000   -0.7000   -0.8000

  Columns 10 through 11 

   -0.9000   -1.0000


coef1 =

    5.7647


coef2 =

   -0.0980


uzv =

  Columns 1 through 9 

    0.2699    0.2585    0.2283    0.1849    0.1341    0.0818    0.0337   -0.0044   -0.0268

  Columns 10 through 11 

   -0.0276   -0.0012


vmedia =

    0.1028


uzvv =

  Columns 1 through 9 

    0.2454    0.2431    0.2204    0.1831    0.1371    0.0879    0.0415    0.0037   -0.0199

  Columns 10 through 11 

   -0.0235   -0.0012


vmedia =

    0.1016


x =

     0     0


X =

     0    -1

Current plot held

rox =

  2.9412e-005


cb1 =

  1.5306e-005


cb2 =

  1.1029e-004


cb3 =

  7.5030e-006


etax =

 -1.3310e-004


Z =

  Columns 1 through 9 

         0   -0.1000   -0.2000   -0.3000   -0.4000   -0.5000   -0.6000   -0.7000   -0.8000

  Columns 10 through 11 

   -0.9000   -1.0000


coef1 =

    5.7647


coef2 =

   -0.0980


uzv =

  Columns 1 through 9 

    0.2699    0.2585    0.2283    0.1849    0.1341    0.0818    0.0337   -0.0044   -0.0268

  Columns 10 through 11 

   -0.0276   -0.0012


vmedia =

    0.1028


uzvv =

  Columns 1 through 9 

    0.2454    0.2431    0.2204    0.1831    0.1371    0.0879    0.0415    0.0037   -0.0199

  Columns 10 through 11 

   -0.0235   -0.0012


vmedia =

    0.1016


x =

     0     0


X =

     0    -1

Current plot held

rox =

  2.9412e-005


cb1 =

  1.5306e-005


cb2 =

  1.1029e-004


cb3 =

  7.5030e-006


etax =

 -1.3310e-004


Z =

  Columns 1 through 9 

         0   -0.1000   -0.2000   -0.3000   -0.4000   -0.5000   -0.6000   -0.7000   -0.8000

  Columns 10 through 11 

   -0.9000   -1.0000


coef1 =

    5.7647


coef2 =

   -0.0980


uzv =

  Columns 1 through 9 

    0.2699    0.2585    0.2283    0.1849    0.1341    0.0818    0.0337   -0.0044   -0.0268

  Columns 10 through 11 

   -0.0276   -0.0012


vmedia =

    0.1028


uzvv =

  Columns 1 through 9 

    0.2454    0.2431    0.2204    0.1831    0.1371    0.0879    0.0415    0.0037   -0.0199

  Columns 10 through 11 

   -0.0235   -0.0012


vmedia =

    0.1016


x =

     0     0


X =

     0    -1

Current plot held

rox =

  2.9412e-005


cb1 =

  1.5306e-005


cb2 =

  1.1029e-004


cb3 =

  7.5030e-006


etax =

 -1.3310e-004


Z =

  Columns 1 through 9 

         0   -0.1000   -0.2000   -0.3000   -0.4000   -0.5000   -0.6000   -0.7000   -0.8000

  Columns 10 through 11 

   -0.9000   -1.0000


coef1 =

    5.7647


coef2 =

   -0.0980


uzv =

  Columns 1 through 9 

    0.2699    0.2585    0.2283    0.1849    0.1341    0.0818    0.0337   -0.0044   -0.0268

  Columns 10 through 11 

   -0.0276   -0.0012


vmedia =

    0.1028


uzvv =

  Columns 1 through 9 

    0.2454    0.2431    0.2204    0.1831    0.1371    0.0879    0.0415    0.0037   -0.0199

  Columns 10 through 11 

   -0.0235   -0.0012


vmedia =

    0.1016


x =

     0     0


X =

     0    -1

Current plot held

rox =

  2.9412e-005


cb1 =

  1.5306e-005


cb2 =

  1.1029e-004


cb3 =

  7.5030e-006


etax =

 -1.3310e-004


Z =

  Columns 1 through 9 

         0   -0.1000   -0.2000   -0.3000   -0.4000   -0.5000   -0.6000   -0.7000   -0.8000

  Columns 10 through 11 

   -0.9000   -1.0000


coef1 =

    5.7647


coef2 =

   -0.0980


uzv =

  Columns 1 through 9 

    0.2699    0.2585    0.2283    0.1849    0.1341    0.0818    0.0337   -0.0044   -0.0268

  Columns 10 through 11 

   -0.0276   -0.0012


vmedia =

    0.1028


uzvv =

  Columns 1 through 9 

    0.2454    0.2431    0.2204    0.1831    0.1371    0.0879    0.0415    0.0037   -0.0199

  Columns 10 through 11 

   -0.0235   -0.0012


vmedia =

    0.1016


x =

     0     0


X =

     0    -1

Current plot held

rox =

  2.9412e-005


cb1 =

  1.5306e-005


cb2 =

  1.1029e-004


cb3 =

  7.5030e-006


etax =

 -1.3310e-004


Z =

  Columns 1 through 9 

         0   -0.1000   -0.2000   -0.3000   -0.4000   -0.5000   -0.6000   -0.7000   -0.8000

  Columns 10 through 11 

   -0.9000   -1.0000


coef1 =

    5.7647


coef2 =

   -0.0980


uzv =

  Columns 1 through 9 

    0.2699    0.2585    0.2283    0.1849    0.1341    0.0818    0.0337   -0.0044   -0.0268

  Columns 10 through 11 

   -0.0276   -0.0012


vmedia =

    0.1028


uzvv =

  Columns 1 through 9 

    0.2454    0.2431    0.2204    0.1831    0.1371    0.0879    0.0415    0.0037   -0.0199

  Columns 10 through 11 

   -0.0235   -0.0012


vmedia =

    0.1016


x =

     0     0


X =

     0    -1

Current plot held

rox =

  2.9412e-005


cb1 =

  1.5306e-005


cb2 =

  1.1029e-004


cb3 =

  7.5030e-006


etax =

 -1.3310e-004


Z =

