
g =

    9.8700


h =

   10.6000


B =

        1700


x =

        6000


Sref =

    3.7000


Sx =

  6.1667e-007


Rho =

    2.6000


Rhox =

  4.3333e-004


TCV =

     0


k1 =

  3.0000e-004


a =

    1.0220


Kz =

  3.0000e-007


usz4 =

    0.0675   23.0924    1.0000
    0.0539   23.4655    0.9000
    0.0129   23.8574    0.8000
   -0.0068   24.2595    0.7000
   -0.0396   24.7997    0.6000
   -0.0729   25.1341    0.5000
   -0.1094   25.4036    0.4000
   -0.1247   25.5410    0.3000
   -0.1157   25.7148    0.2000
   -0.1025   25.8780    0.1000
         0   25.9108         0


Az1 =

  8.3342e-004


TCF =

   -0.0714
   -0.0714
   -0.0714
   -0.0714
   -0.0714
   -0.0715
   -0.0715
   -0.0715
   -0.0715
   -0.0715
   -0.0715


umistot =

    0.0692
    0.0642
    0.0503
    0.0293
    0.0026
   -0.0281
   -0.0612
   -0.0949
   -0.1278
   -0.1581
   -0.1843


umistot1 =

    0.0675
    0.0576
    0.0321
   -0.0030
   -0.0415
   -0.0773
   -0.1042
   -0.1162
   -0.1071
   -0.0708
   -0.0012


UTOT =

    0.0379
    0.0329
    0.0191
   -0.0020
   -0.0287
   -0.0594
   -0.0924
   -0.1262
   -0.1591
   -0.1894
   -0.2156


UTOT1 =

    0.0675
    0.0576
    0.0321
   -0.0030
   -0.0415
   -0.0773
   -0.1042
   -0.1162
   -0.1071
   -0.0708
   -0.0012


W =

         0
   -2.0771
   -3.9310
   -5.3851
   -6.3136
   -6.6414
   -6.3445
   -5.4493
   -4.0334
   -2.2250
   -0.2031


W1 =

         0
   -3.8622
   -7.1196
   -9.3425
  -10.2925
   -9.9223
   -8.3759
   -5.9886
   -3.2865
   -0.9874
         0


ST =

   23.1887
   23.2660
   23.4906
   23.8419
   24.2889
   24.7927
   25.3092
   25.7918
   26.1945
   26.4738
   26.5922


ST1 =

   23.5334
   23.6102
   23.8284
   24.1551
   24.5443
   24.9445
   25.3058
   25.5881
   25.7678
   25.8461
   25.8559

builtin('exit')

g =

    9.8700


h =

   10.6000


B =

        1700


x =

        6000


Sref =

    3.7000


Sx =

  6.1667e-007


Rho =

    2.6000


Rhox =

  4.3333e-004


TCV =

     0


k1 =

  3.0000e-004


a =

    1.0220


Kz =

  3.0000e-007


usz4 =

    0.0675   23.0924    1.0000
    0.0539   23.4655    0.9000
    0.0129   23.8574    0.8000
   -0.0068   24.2595    0.7000
   -0.0396   24.7997    0.6000
   -0.0729   25.1341    0.5000
   -0.1094   25.4036    0.4000
   -0.1247   25.5410    0.3000
   -0.1157   25.7148    0.2000
   -0.1025   25.8780    0.1000
         0   25.9108         0


Az1 =

  8.3342e-004


TCF =

   -0.0714
   -0.0714
   -0.0714
   -0.0714
   -0.0714
   -0.0715
   -0.0715
   -0.0715
   -0.0715
   -0.0715
   -0.0715


umistot =

    0.0692
    0.0642
    0.0503
    0.0293
    0.0026
   -0.0281
   -0.0612
   -0.0949
   -0.1278
   -0.1581
   -0.1843


umistot1 =

    0.0675
    0.0576
    0.0321
   -0.0030
   -0.0415
   -0.0773
   -0.1042
   -0.1162
   -0.1071
   -0.0708
   -0.0012


UTOT =

    0.0379
    0.0329
    0.0191
   -0.0020
   -0.0287
   -0.0594
   -0.0924
   -0.1262
   -0.1591
   -0.1894
   -0.2156


UTOT1 =

    0.0675
    0.0576
    0.0321
   -0.0030
   -0.0415
   -0.0773
   -0.1042
   -0.1162
   -0.1071
   -0.0708
   -0.0012


W =

         0
   -2.0771
   -3.9310
   -5.3851
   -6.3136
   -6.6414
   -6.3445
   -5.4493
   -4.0334
   -2.2250
   -0.2031


W1 =

         0
   -3.8622
   -7.1196
   -9.3425
  -10.2925
   -9.9223
   -8.3759
   -5.9886
   -3.2865
   -0.9874
         0


ST =

   23.1887
   23.2660
   23.4906
   23.8419
   24.2889
   24.7927
   25.3092
   25.7918
   26.1945
   26.4738
   26.5922


ST1 =

   23.5334
   23.6102
   23.8284
   24.1551
   24.5443
   24.9445
   25.3058
   25.5881
   25.7678
   25.8461
   25.8559

fschange('C:\Documents and Settings\Luiz Miranda\My Documents\ACADEMICA42_abr_10\CAP_10_11\Fisher_1972.m');
clear fisher_1972
fschange('C:\Documents and Settings\Luiz Miranda\My Documents\ACADEMICA42_abr_10\CAP_10_11\Fisher_1972.m');
clear fisher_1972
builtin('exit')

g =

    9.8700


h =

   10.6000


B =

        1700


x =

        6000


Sref =

    3.7000


Sx =

  6.1667e-007


Rho =

    2.6000


Rhox =

  4.3333e-004


TCV =

     0


k1 =

  3.0000e-004


a =

    1.0220


Kz =

  3.0000e-007


usz4 =

    0.0675   23.0924    1.0000
    0.0539   23.4655    0.9000
    0.0129   23.8574    0.8000
   -0.0068   24.2595    0.7000
   -0.0396   24.7997    0.6000
   -0.0729   25.1341    0.5000
   -0.1094   25.4036    0.4000
   -0.1247   25.5410    0.3000
   -0.1157   25.7148    0.2000
   -0.1025   25.8780    0.1000
         0   25.9108         0


Az1 =

  8.3342e-004


TCF =

   -0.0714
   -0.0714
   -0.0714
   -0.0714
   -0.0714
   -0.0715
   -0.0715
   -0.0715
   -0.0715
   -0.0715
   -0.0715


umistot =

    0.0692
    0.0642
    0.0503
    0.0293
    0.0026
   -0.0281
   -0.0612
   -0.0949
   -0.1278
   -0.1581
   -0.1843


umistot1 =

    0.0675
    0.0576
    0.0321
   -0.0030
   -0.0415
   -0.0773
   -0.1042
   -0.1162
   -0.1071
   -0.0708
   -0.0012


UTOT =

    0.0379
    0.0329
    0.0191
   -0.0020
   -0.0287
   -0.0594
   -0.0924
   -0.1262
   -0.1591
   -0.1894
   -0.2156


UTOT1 =

    0.0675
    0.0576
    0.0321
   -0.0030
   -0.0415
   -0.0773
   -0.1042
   -0.1162
   -0.1071
   -0.0708
   -0.0012


W =

         0
   -2.0771
   -3.9310
   -5.3851
   -6.3136
   -6.6414
   -6.3445
   -5.4493
   -4.0334
   -2.2250
   -0.2031


W1 =

         0
   -3.8622
   -7.1196
   -9.3425
  -10.2925
   -9.9223
   -8.3759
   -5.9886
   -3.2865
   -0.9874
         0


ST =

   23.1887
   23.2660
   23.4906
   23.8419
   24.2889
   24.7927
   25.3092
   25.7918
   26.1945
   26.4738
   26.5922


ST1 =

   23.5334
   23.6102
   23.8284
   24.1551
   24.5443
   24.9445
   25.3058
   25.5881
   25.7678
   25.8461
   25.8559

builtin('exit')

g =

    9.8700


h =

   10.6000


B =

        1700


x =

        6000


Sref =

    3.7000


Sx =

  6.1667e-007


Rho =

    2.6000


Rhox =

  4.3333e-004


TCV =

     0


k1 =

  3.0000e-004


a =

    1.0220


Kz =

  3.0000e-007


usz4 =

    0.0675   23.0924    1.0000
    0.0539   23.4655    0.9000
    0.0129   23.8574    0.8000
   -0.0068   24.2595    0.7000
   -0.0396   24.7997    0.6000
   -0.0729   25.1341    0.5000
   -0.1094   25.4036    0.4000
   -0.1247   25.5410    0.3000
   -0.1157   25.7148    0.2000
   -0.1025   25.8780    0.1000
         0   25.9108         0


Az1 =

  8.3342e-004


TCF =

   -0.0714
   -0.0714
   -0.0714
   -0.0714
   -0.0714
   -0.0715
   -0.0715
   -0.0715
   -0.0715
   -0.0715
   -0.0715


umistot =

    0.0692
    0.0642
    0.0503
    0.0293
    0.0026
   -0.0281
   -0.0612
   -0.0949
   -0.1278
   -0.1581
   -0.1843


umistot1 =

    0.0675
    0.0576
    0.0321
   -0.0030
   -0.0415
   -0.0773
   -0.1042
   -0.1162
   -0.1071
   -0.0708
   -0.0012


UTOT =

    0.0379
    0.0329
    0.0191
   -0.0020
   -0.0287
   -0.0594
   -0.0924
   -0.1262
   -0.1591
   -0.1894
   -0.2156


UTOT1 =

    0.0675
    0.0576
    0.0321
   -0.0030
   -0.0415
   -0.0773
   -0.1042
   -0.1162
   -0.1071
   -0.0708
   -0.0012


W =

         0
   -2.0771
   -3.9310
   -5.3851
   -6.3136
   -6.6414
   -6.3445
   -5.4493
   -4.0334
   -2.2250
   -0.2031


