
EtaxW =

  7.5030e-004


Z =

         0   -0.1000   -0.2000   -0.3000   -0.4000   -0.5000   -0.6000   -0.7000   -0.8000   -0.9000   -1.0000


coef1 =

  245.0980


uTau1 =

         0   14.0931   31.8627   53.3088   78.4314  107.2304  139.7059  175.8578  215.6863  259.1912  306.3725


uRel1 =

         0    0.0575    0.1300    0.2175    0.3200    0.4375    0.5700    0.7175    0.8800    1.0575    1.2500


x =

     0     0


X =

     0    -1


coef2 =

  245.0980


uTau2 =

  -28.6765  -23.6176  -15.7451   -5.0588    8.4412   24.7549   43.8824   65.8235   90.5784  118.1471  148.5294


uRel2 =

   -0.1170   -0.0964   -0.0642   -0.0206    0.0344    0.1010    0.1790    0.2686    0.3696    0.4820    0.6060


x =

     0     0


X =

     0    -1

builtin('exit')

EtaxW =

  7.5030e-004


Z =

         0   -0.1000   -0.2000   -0.3000   -0.4000   -0.5000   -0.6000   -0.7000   -0.8000   -0.9000   -1.0000


coef1 =

  245.0980


uTau1 =

         0   14.0931   31.8627   53.3088   78.4314  107.2304  139.7059  175.8578  215.6863  259.1912  306.3725


uRel1 =

         0    0.0575    0.1300    0.2175    0.3200    0.4375    0.5700    0.7175    0.8800    1.0575    1.2500


x =

     0     0


X =

     0    -1


coef2 =

  245.0980


uTau2 =

  -28.6765  -23.6176  -15.7451   -5.0588    8.4412   24.7549   43.8824   65.8235   90.5784  118.1471  148.5294


uRel2 =

   -0.1170   -0.0964   -0.0642   -0.0206    0.0344    0.1010    0.1790    0.2686    0.3696    0.4820    0.6060


x =

     0     0


X =

     0    -1

builtin('exit')

Etaxqf =

 -1.2245e-007


Z =

         0
   -0.1000
   -0.2000
   -0.3000
   -0.4000
   -0.5000
   -0.6000
   -0.7000
   -0.8000
   -0.9000
   -1.0000


uf =

    0.0200


uQf =

         0
    0.0057
    0.0108
    0.0153
    0.0192
    0.0225
    0.0252
    0.0273
    0.0288
    0.0297
    0.0300


uRel =

         0
    0.2850
    0.5400
    0.7650
    0.9600
    1.1250
    1.2600
    1.3650
    1.4400
    1.4850
    1.5000


x =

     0     0


X =

     0    -1


z =

   -1.0000
   -0.9000
   -0.8000
   -0.7000
   -0.6000
   -0.5000
   -0.4000
   -0.3000
   -0.2000
   -0.1000
         0

Warning: Ignoring extra legend entries.
> In <a href="error:C:\MATLAB7\toolbox\matlab\scribe\legend.m,239,1">legend at 239</a>
  In <a href="error:G:\ACADEMICA42\CAP08\vel_u_eq_8_86.m,60,1">vel_u_eq_8_86 at 60</a>
Warning: Ignoring extra legend entries.
> In <a href="error:C:\MATLAB7\toolbox\matlab\scribe\legend.m,239,1">legend at 239</a>
  In <a href="error:G:\ACADEMICA42\CAP08\vel_u_eq_8_86.m,73,1">vel_u_eq_8_86 at 73</a>

Etaxqf =

 -2.2704e-007


Z =

         0
   -0.1000
   -0.2000
   -0.3000
   -0.4000
   -0.5000
   -0.6000
   -0.7000
   -0.8000
   -0.9000
   -1.0000


uf =

    0.0200


uQf =

    0.0140
    0.0119
    0.0094
    0.0062
    0.0026
   -0.0016
   -0.0063
   -0.0116
   -0.0173
   -0.0237
   -0.0305


uRel =

    0.6990
    0.5967
    0.4676
    0.3119
    0.1294
   -0.0797
   -0.3156
   -0.5781
   -0.8674
   -1.1833
   -1.5260


x =

     0     0


X =

     0    -1


z =

   -1.0000
   -0.9000
   -0.8000
   -0.7000
   -0.6000
   -0.5000
   -0.4000
   -0.3000
   -0.2000
   -0.1000
         0


Etaxqf =

 -2.2704e-007


Z =

         0
   -0.1000
   -0.2000
   -0.3000
   -0.4000
   -0.5000
   -0.6000
   -0.7000
   -0.8000
   -0.9000
   -1.0000


uf =

    0.0200


uQf =

    0.0140
    0.0121
    0.0101
    0.0078
    0.0054
    0.0029
    0.0001
   -0.0028
   -0.0060
   -0.0092
   -0.0127


uRel =

    0.6990
    0.6056
    0.5032
    0.3920
    0.2718
    0.1428
    0.0048
   -0.1420
   -0.2978
   -0.4624
   -0.6360


x =

     0     0


X =

     0    -1


z =

   -1.0000
   -0.9000
   -0.8000
   -0.7000
   -0.6000
   -0.5000
   -0.4000
   -0.3000
   -0.2000
   -0.1000
         0


Etaxqf =

 -2.2704e-007


Z =

         0
   -0.1000
   -0.2000
   -0.3000
   -0.4000
   -0.5000
   -0.6000
   -0.7000
   -0.8000
   -0.9000
   -1.0000


uf =

    0.0200


uQf =

    0.0140
    0.0121
    0.0101
    0.0078
    0.0054
    0.0029
    0.0001
   -0.0028
   -0.0060
   -0.0092
   -0.0127


uRel =

    0.6990
    0.6056
    0.5032
    0.3920
    0.2718
    0.1428
    0.0048
   -0.1420
   -0.2978
   -0.4624
   -0.6360


x =

     0     0


X =

     0    -1


z =

   -1.0000
   -0.9000
   -0.8000
   -0.7000
   -0.6000
   -0.5000
   -0.4000
   -0.3000
   -0.2000
   -0.1000
         0


Etaxqf =

 -2.2704e-007


Z =

         0
   -0.1000
   -0.2000
   -0.3000
   -0.4000
   -0.5000
   -0.6000
   -0.7000
   -0.8000
   -0.9000
   -1.0000


uf =

    0.0200


uQf =

    0.0140
    0.0121
    0.0101
    0.0078
    0.0054
    0.0029
    0.0001
   -0.0028
   -0.0060
   -0.0092
   -0.0127


uRel =

    0.6990
    0.6056
    0.5032
    0.3920
    0.2718
    0.1428
    0.0048
   -0.1420
   -0.2978
   -0.4624
   -0.6360


x =

     0     0


X =

     0    -1


z =

   -1.0000
   -0.9000
   -0.8000
   -0.7000
   -0.6000
   -0.5000
   -0.4000
   -0.3000
   -0.2000
   -0.1000
         0


Etaxqf =

 -2.2704e-007


Z =

         0
   -0.1000
   -0.2000
   -0.3000
   -0.4000
   -0.5000
   -0.6000
   -0.7000
   -0.8000
   -0.9000
   -1.0000


uf =

    0.0200


uQf =

   -0.0140
   -0.0121
   -0.0101
   -0.0078
   -0.0054
   -0.0029
   -0.0001
    0.0028
    0.0060
    0.0092
    0.0127


uRel =

   -0.6990
   -0.6056
   -0.5032
   -0.3920
   -0.2718
   -0.1428
   -0.0048
    0.1420
    0.2978
    0.4624
    0.6360


x =

     0     0


X =

     0    -1


z =

   -1.0000
   -0.9000
   -0.8000
   -0.7000
   -0.6000
   -0.5000
   -0.4000
   -0.3000
   -0.2000
   -0.1000
         0


Etaxqf =

 -2.2704e-007


Z =

         0
   -0.1000
   -0.2000
   -0.3000
   -0.4000
   -0.5000
   -0.6000
   -0.7000
   -0.8000
   -0.9000
   -1.0000


uf =

    0.0200


uQf =

    0.0140
    0.0121
    0.0101
    0.0078
    0.0054
    0.0029
    0.0001
   -0.0028
   -0.0060
   -0.0092
   -0.0127


uRel =

    0.7854
    0.6804
    0.5654
    0.4404
    0.3054
    0.1604
    0.0054
   -0.1596
   -0.3346
   -0.5196
   -0.7146


x =

     0     0


X =

     0    -1


z =

   -1.0000
   -0.9000
   -0.8000
   -0.7000
   -0.6000
   -0.5000
   -0.4000
   -0.3000
   -0.2000
   -0.1000
         0


Etaxqf =

 -2.2704e-007


Z =

         0
   -0.1000
   -0.2000
   -0.3000
   -0.4000
   -0.5000
   -0.6000
   -0.7000
   -0.8000
   -0.9000
   -1.0000


uf =

    0.0200


cof1 =

 -5.5625e-004


coef2 =

    0.2513

??? Undefined function or variable "coef1".

Error in ==> <a href="error:G:\ACADEMICA42\CAP08\vel_u_eq_8_92.m,62,1">vel_u_eq_8_92 at 62</a>
 uQf=coef1*Ho^2*(1.0*Z.^2-2*Z-coef2)

fschange('G:\ACADEMICA42\CAP08\vel_u_eq_8_92.m');
clear vel_u_eq_8_92
vel_u_eq_8_92

k =

    0.0025


Etaxqf =

 -2.2704e-007


Z =

         0
   -0.1000
   -0.2000
   -0.3000
   -0.4000
   -0.5000
   -0.6000
   -0.7000
   -0.8000
   -0.9000
   -1.0000


uf =

    0.0200


coef1 =

 -5.5625e-004


coef2 =

    0.2513


uQf =

    0.0140
    0.0023
   -0.0105
   -0.0244
   -0.0394
   -0.0556
   -0.0728
   -0.0912
   -0.1106
   -0.1312
   -0.1529


uRel =

    0.6990
    0.1149
   -0.5247
   -1.2201
   -1.9710
   -2.7776
   -3.6397
   -4.5576
   -5.5310
   -6.5601
   -7.6447


x =

     0     0


